{
  "advancedEditorSelectedIdentifier" : "ProjectBrowser",
  "openSceneRelativePaths" : [
    "Immersive.usda",
    "Scene.usda"
  ],
  "recentIdentifiers" : {
    "D66134B1-3681-4A8E-AFE5-29F257229F3B" : [

    ]
  },
  "sceneCameraHistory" : {
    "AF09ED6F-1707-48FD-8720-65B998362C09" : [
      {
        "date" : 731968564.059116,
        "title" : "Untitled",
        "transform" : [
          0.99999994,
          0,
          -0,
          0,
          -0,
          0.8717815,
          -0.48989493,
          0,
          0,
          0.48989493,
          0.8717815,
          0,
          0,
          3.9150774,
          4.6637735,
          1
        ]
      }
    ],
    "D66134B1-3681-4A8E-AFE5-29F257229F3B" : [
      {
        "date" : 731970714.600241,
        "title" : "Untitled",
        "transform" : [
          0.9611826,
          2.0732545e-09,
          -0.27591303,
          0,
          -0.21351069,
          0.63338923,
          -0.74379504,
          0,
          0.1747604,
          0.7738333,
          0.6088028,
          0,
          0.08008496,
          0.3544492,
          0.27898738,
          1
        ]
      },
      {
        "date" : 731970700.432626,
        "title" : "Untitled",
        "transform" : [
          0.9880176,
          -1.5763701e-10,
          0.15434077,
          0,
          0.095745675,
          0.78432316,
          -0.6129191,
          0,
          -0.12105308,
          0.6203524,
          0.77492523,
          0,
          -0.055467837,
          0.28411952,
          0.3550792,
          1
        ]
      },
      {
        "date" : 731970682.150741,
        "title" : "Untitled",
        "transform" : [
          0.9890801,
          5.3372684e-10,
          -0.14737865,
          0,
          -0.108951166,
          0.6734199,
          -0.7311875,
          0,
          0.099247724,
          0.73926014,
          0.6660663,
          0,
          0.04547957,
          0.33860612,
          0.30522013,
          1
        ]
      },
      {
        "date" : 731970656.678907,
        "title" : "Untitled",
        "transform" : [
          0.99999994,
          0,
          0,
          0,
          0,
          0.8660254,
          -0.49999994,
          0,
          0,
          0.49999994,
          0.8660254,
          0,
          0,
          0.22897415,
          0.39680308,
          1
        ]
      },
      {
        "date" : 731968624.210931,
        "title" : "Untitled",
        "transform" : [
          0.99999994,
          0,
          0,
          0,
          0,
          0.8660254,
          -0.49999994,
          0,
          0,
          0.49999994,
          0.8660254,
          0,
          0,
          0.411355,
          0.71286184,
          1
        ]
      },
      {
        "date" : 731968564.078003,
        "title" : "Untitled",
        "transform" : [
          0.99999994,
          0,
          -0,
          0,
          -0,
          0.8660254,
          -0.49999994,
          0,
          0,
          0.49999994,
          0.8660254,
          0,
          0,
          0.21997684,
          0.3812111,
          1
        ]
      }
    ]
  },
  "selectedSceneRelativePath" : "Scene.usda"
}